Webots Project File version R2025a
perspectives: 000000ff00000000fd0000000200000001000000c200000245fc0200000001fb0000001400540065007800740045006400690074006f00720100000000000002450000008a00ffffff00000003000005e8000000d9fc0100000001fb0000001a0043006f006e0073006f006c00650041006c006c0041006c006c0100000000000005e80000008700ffffff000005240000024500000001000000020000000100000008fc00000000
simulationViewPerspectives: 000000ff00000001000000020000017c000001ea0100000002010000000100
sceneTreePerspectives: 000000ff00000001000000030000001e00000208000000fa0100000002010000000200
maximizedDockId: -1
centralWidgetVisible: 1
orthographicViewHeight: 1
textFiles: 0 "controllers/ball_tracker/ball_tracker.py"
consoles: Console:All:All
renderingDevicePerspectives: IPR:camera;0;0.416409;0.253654;0
renderingDevicePerspectives: IPR:display;1;0.19043;0.656794;0
